# Instance                 Cost CV Permutation
rc_201.1.txt             592.06  0 13 14 18 4 9 5 7 8 6 16 19 17 1 11 3 12 10 2 15
rc_201.2.txt             860.17  0 13 21 10 23 9 12 5 6 8 16 19 25 17 18 1 2 24 11 7 3 4 14 20 22 15
rc_201.3.txt             853.71  0 12 14 15 17 5 2 30 22 27 10 9 28 7 26 24 25 19 6 8 18 3 13 29 20 11 16 1 4 21 23 31
rc_201.4.txt             889.18  0 20 14 2 17 1 3 21 6 5 4 12 13 25 23 16 11 9 10 18 24 15 7 8 22 19
rc_202.1.txt             850.48  0 17 21 32 30 11 8 13 14 9 7 6 10 23 18 2 1 5 27 28 20 25 16 4 15 3 22 19 26 12 29 31 24
rc_202.2.txt             338.52  0 11 12 1 2 3 4 9 5 10 7 8 6 13
rc_202.3.txt             894.10  0 14 8 11 21 19 20 5 22 24 25 10 12 13 28 1 2 16 9 15 23 17 3 4 26 6 7 27 18
rc_202.4.txt             853.71  0 20 4 5 11 8 21 24 14 7 13 22 16 19 18 26 23 9 2 17 25 3 10 6 1 12 15 27
rc_203.1.txt             488.42  0 10 12 3 17 16 8 13 9 15 11 18 14 7 5 4 6 2 1
rc_203.2.txt             853.71  0 11 10 12 13 26 17 28 25 21 31 27 8 6 14 4 30 16 29 7 5 15 3 19 22 23 18 20 2 1 9 24 32
rc_203.3.txt             921.44  0 19 31 18 10 11 16 14 15 8 13 9 12 23 24 34 33 35 20 28 29 1 5 17 3 2 22 36 26 25 4 6 27 21 7 32 30
rc_203.4.txt             338.52  0 11 8 1 2 3 9 10 4 12 5 6 7 13 14
rc_204.1.txt             917.83  0 40 42 43 44 28 41 31 34 33 32 21 20 16 15 17 18 19 22 24 23 1 3 4 25 26 7 39 6 5 2 30 38 35 9 27 11 10 8 36 13 12 37 14 29 45
rc_204.2.txt             690.06  0 21 22 17 20 25 18 11 13 8 7 12 9 10 23 6 4 5 32 15 3 2 30 19 27 26 14 24 29 31 28 16 1
rc_204.3.txt             455.03  0 22 21 16 15 9 6 4 2 1 3 5 7 8 10 14 12 19 13 20 17 11 18 23
rc_205.1.txt             417.81  0 12 1 11 3 6 9 13 10 8 7 2 4 5
rc_205.2.txt             820.19  0 12 17 22 3 4 1 11 23 14 9 6 7 10 25 24 8 13 16 15 19 26 21 2 5 18 20
rc_205.3.txt             950.05  0 16 8 9 23 33 29 22 19 28 2 6 30 26 24 27 5 7 15 4 1 3 32 20 18 14 13 12 31 17 10 25 11 21 34
rc_205.4.txt             837.71  0 16 5 8 4 6 9 21 15 7 17 20 27 22 23 2 13 24 25 3 18 14 1 12 10 11 26 19
rc_206.1.txt             117.85  0 2 1 3
rc_206.2.txt             870.49  0 20 34 35 26 27 15 18 22 9 7 23 14 29 28 19 16 5 4 13 8 6 30 31 1 2 3 36 21 17 24 11 10 12 32 33 25
rc_206.3.txt             650.59  0 18 22 8 3 2 6 4 5 17 20 21 10 11 13 12 23 16 24 14 9 1 7 15 19
rc_206.4.txt             911.98  0 18 5 2 11 20 12 9 13 10 35 31 26 32 36 21 29 28 30 7 8 19 6 3 23 25 17 15 16 22 33 34 27 37 1 4 24 14
rc_207.1.txt             804.67  0 32 33 16 11 10 13 12 14 26 24 25 27 5 2 6 4 1 8 28 22 19 21 30 29 20 17 9 15 31 3 18 7 23
rc_207.2.txt             713.90  0 18 10 13 9 6 14 17 21 7 22 1 3 2 23 19 12 11 8 26 25 16 30 5 4 29 20 15 27 24 28
rc_207.3.txt             745.77  0 10 7 13 15 5 16 2 28 24 21 12 11 9 26 25 30 27 31 22 29 18 20 32 4 17 3 1 14 6 8 19 23
rc_207.4.txt             133.14  0 1 2 4 3 5
rc_208.1.txt             810.70  0 24 37 29 34 35 23 10 11 21 27 31 30 17 1 4 6 2 15 5 3 7 19 25 36 26 20 28 8 14 32 9 12 13 16 18 33 22
rc_208.2.txt             579.51  0 19 24 18 17 4 1 2 3 20 21 23 25 16 11 12 14 9 8 6 5 7 10 13 15 28 26 27 22
rc_208.3.txt             686.80  0 11 15 20 14 12 33 2 18 5 7 30 28 29 22 34 21 31 24 32 9 10 13 16 17 25 6 8 19 4 3 1 27 35 23 26

